400
459
457
458
470
469
468
467
483
482
481
480
1113
1112
1115
1114
555
556
557
554
545
543
542
544
539
536
537
538
1126
1128
1125
1129
503
502
501
499
465
463
406
464
1099
1097
1110
1098
850
849
848
851
512
513
515
514
551
548
550
549
521
518
520
519
562
563
560
561
531
533
530
532
1217
1218
1219
837
838
839
1082
1083
1084
1116
1117
1118
575
576
577
567
568
569
843
1026
1027
1028
1107
1108
1109
571
572
573
579
580
581